===== 固定阈值规则：不跌破率（选中 vs 其余）
                       rule  n_sel   cov  全部:选中率  全部:其余率  A:选中率  A:其余率  A:n选中  B:选中率  B:其余率  去2024-02:选中率  去2024-02:其余率  2024-02:选中率  2024-02:其余率  2022-05:选中率  2022-05:其余率  B去两大簇:选中率  B去两大簇:其余率  B去两大簇:n选中
               ma120<=-0.25    311 0.471   0.264   0.060  0.077  0.023     39  0.290  0.073         0.195         0.033        0.309        0.158        0.438        0.094      0.135      0.026         52
               ma120<=-0.30    163 0.247   0.344   0.095  0.130  0.019     23  0.379  0.115         0.299         0.040        0.375        0.202        0.611        0.130      0.231      0.028         26
               ma120<=-0.35     59 0.089   0.271   0.145  0.182  0.026     11  0.292  0.173         0.346         0.065        0.212        0.273        0.500        0.222      0.400      0.045          5
               dd250<=-0.45    383 0.580   0.198   0.097  0.065  0.015     62  0.224  0.123         0.122         0.038        0.294        0.213        0.342        0.154      0.080      0.022        113
               dd250<=-0.50    260 0.394   0.200   0.128  0.111  0.011     36  0.214  0.162         0.146         0.048        0.267        0.264        0.385        0.184      0.085      0.033         82
               dd250<=-0.55    166 0.252   0.241   0.128  0.154  0.010     26  0.257  0.158         0.189         0.050        0.310        0.249        0.438        0.208      0.132      0.026         53
               dd250<=-0.60     90 0.136   0.200   0.149  0.125  0.027     16  0.216  0.179         0.163         0.072        0.244        0.269        0.429        0.246      0.115      0.045         26
               ret60<=-0.30    274 0.415   0.292   0.060  0.105  0.028     19  0.306  0.072         0.239         0.049        0.310        0.115        0.478        0.146      0.138      0.040         29
               ret60<=-0.35    160 0.242   0.319   0.104  0.222  0.025      9  0.325  0.128         0.281         0.066        0.328        0.206        0.417        0.231      0.182      0.046         11
              dd_all<=-0.80    112 0.170   0.259   0.135  0.333  0.032      3  0.257  0.165         0.175         0.073        0.306        0.250        0.000        0.288      0.188      0.029         32
               vol250>=0.50    157 0.238   0.248   0.127  0.150  0.019     20  0.263  0.157         0.225         0.047        0.273        0.262        0.462        0.132      0.088      0.047         34
               vol250>=0.55     92 0.139   0.272   0.137  0.167  0.018     18  0.297  0.166         0.269         0.055        0.275        0.263        0.421        0.200      0.200      0.042         15
                vol60>=0.50    296 0.448   0.250   0.080  0.103  0.020     29  0.266  0.102         0.149         0.061        0.303        0.159        0.281        0.250      0.075      0.048         40
                vol60>=0.60    145 0.220   0.234   0.134  0.143  0.019     21  0.250  0.164         0.149         0.074        0.276        0.259        0.154        0.294      0.154      0.047         13
                        创业板    174 0.264   0.293   0.107  0.000  0.043     12  0.315  0.127         0.152         0.070        0.380        0.186        0.333        0.245      0.128      0.036         39
                 ret1>=0.03    126 0.191   0.238   0.137  0.250  0.033      4  0.238  0.168         0.091         0.083        0.269        0.262        0.000        0.279      0.067      0.053         15
                ret1<=0.005    171 0.259   0.094   0.178  0.034  0.044     59  0.125  0.200         0.081         0.085        0.182        0.273        0.368        0.222      0.042      0.060         71
ma120<=-0.30 且 vol250>=0.50     81 0.123   0.395   0.123  0.200  0.018     15  0.439  0.148         0.405         0.050        0.386        0.241        0.714        0.140      0.250      0.046          8
         dd250<=-0.50 且 创业板     74 0.112   0.378   0.128  0.000  0.040      3  0.394  0.152         0.259         0.070        0.447        0.226        0.375        0.250      0.250      0.037         16

===== 按月分层 lift（同月内选中-未选中）、置换 p、对止盈/收益/持有期的影响
                       rule  分层lift  p_perm  分层lift_去2402  分层lift_nodip3  止盈率:选中  止盈率:其余  收益:选中  收益:其余  持有中位:选中  持有中位:其余  分层lift_止盈  分层lift_快止盈60
               ma120<=-0.25   0.151   0.001         0.151          0.174   0.900   0.797 37.253 29.203    117.0    201.0      0.039         0.196
               ma120<=-0.30   0.199   0.001         0.247          0.165   0.890   0.831 36.752 31.765     69.0    186.0      0.021         0.204
               ma120<=-0.35   0.012   0.868         0.171         -0.012   0.915   0.839 38.332 32.473     68.0    173.0      0.035         0.115
               dd250<=-0.45   0.075   0.029         0.069          0.082   0.856   0.830 34.038 31.556    128.0    210.0     -0.014         0.140
               dd250<=-0.50   0.041   0.286         0.087          0.063   0.850   0.842 33.321 32.785    120.0    189.0     -0.023         0.108
               dd250<=-0.55   0.091   0.035         0.130          0.087   0.843   0.846 32.682 33.102     97.5    177.0     -0.047         0.136
               dd250<=-0.60   0.014   0.877         0.071          0.041   0.844   0.846 33.561 32.907    131.5    167.5     -0.057         0.075
               ret60<=-0.30   0.170   0.001         0.137          0.200   0.894   0.811 37.350 29.906     99.0    211.0      0.016         0.221
               ret60<=-0.35   0.116   0.016         0.091          0.113   0.900   0.828 38.075 31.371     79.5    182.5     -0.002         0.200
              dd_all<=-0.80   0.036   0.476        -0.022          0.018   0.920   0.830 38.746 31.821    107.5    170.5      0.033         0.054
               vol250>=0.50   0.065   0.176         0.155         -0.001   0.822   0.853 31.126 33.580     99.0    177.0     -0.109         0.007
               vol250>=0.55   0.077   0.189         0.196          0.030   0.870   0.842 35.312 32.621     99.5    171.0     -0.054         0.021
                vol60>=0.50   0.081   0.045        -0.007         -0.000   0.855   0.838 34.206 32.013    121.0    195.0     -0.081         0.108
                vol60>=0.60  -0.007   0.876        -0.088         -0.087   0.876   0.837 35.377 32.326    143.0    172.0     -0.032        -0.020
                        创业板   0.147   0.001         0.062          0.126   0.897   0.827 38.171 31.144    139.0    173.0      0.025         0.042
                 ret1>=0.03  -0.010   0.896        -0.112          0.026   0.873   0.839 35.956 32.298    152.0    165.5     -0.007         0.011
                ret1<=0.005   0.003   1.000         0.039         -0.022   0.842   0.847 31.795 33.417    178.0    152.0     -0.050         0.032
ma120<=-0.30 且 vol250>=0.50   0.211   0.001         0.353          0.189   0.901   0.838 37.600 32.352     66.0    173.0      0.002         0.166
         dd250<=-0.50 且 创业板   0.206   0.001         0.174          0.221   0.892   0.840 38.235 32.335     77.0    171.0      0.015         0.150

===== 组合：过滤器 / 过滤+放大单笔（80 种子中位，安慰剂=同月随机剔除同样数量 8 次×20 种子）
        rule   variant window  cagr  max_dd  n_trades  final_wan  cagr_real  dd_real  placebo_cagr  placebo_sd
          基线        过滤      B 10.51  -26.82     125.0     173.54      10.11   -26.10           NaN         NaN
          基线        过滤      A  8.04  -18.63      58.0     130.66       7.61   -18.50           NaN         NaN
          基线        过滤      F  9.40  -27.70     184.0     382.66       8.82   -26.73           NaN         NaN
dd250<=-0.50        过滤      B 12.55  -32.62      90.0     210.88      11.94   -32.19         11.17        1.28
dd250<=-0.50 过滤+单笔×1.5      B 12.46  -33.86      72.0     209.10      11.53   -33.46         10.49        1.88
dd250<=-0.50   过滤+单笔×2      B 14.12  -30.34      60.0     244.41      12.98   -29.63         10.73        1.66
dd250<=-0.50        过滤      A  7.58  -10.70      36.0     125.22       7.23   -10.61          7.46        0.51
dd250<=-0.50 过滤+单笔×1.5      A  9.60  -16.10      34.0     151.02       9.08   -16.13          8.53        0.76
dd250<=-0.50   过滤+单笔×2      A  9.54  -17.57      27.0     150.09       8.96   -18.20          8.78        0.98
dd250<=-0.50        过滤      F 10.18  -32.56     126.0     443.02       9.71   -32.11          9.30        0.56
dd250<=-0.50 过滤+单笔×1.5      F 11.08  -33.86     106.0     523.86      10.35   -33.46         10.23        0.90
dd250<=-0.50   过滤+单笔×2      F 11.97  -29.21      87.0     618.65      11.11   -29.63          9.93        0.77
ma120<=-0.30        过滤      B  8.39  -25.72      54.0     141.25       7.65   -25.80          8.04        1.21
ma120<=-0.30 过滤+单笔×1.5      B  9.37  -27.70      41.0     155.46       8.55   -27.81          8.32        1.11
ma120<=-0.30   过滤+单笔×2      B 11.10  -26.25      33.0     183.67      10.00   -26.72          9.01        0.77
ma120<=-0.30        过滤      A  5.51   -8.39      23.0     102.92       5.34    -8.73          5.44        0.35
ma120<=-0.30 过滤+单笔×1.5      A  7.18  -12.76      23.0     120.64       6.95   -13.32          7.24        0.55
ma120<=-0.30   过滤+单笔×2      A  8.27  -17.15      21.0     133.46       8.00   -17.90          7.72        0.65
ma120<=-0.30        过滤      F  6.99  -25.72      77.0     241.95       6.54   -25.80          7.15        0.37
ma120<=-0.30 过滤+单笔×1.5      F  8.05  -27.44      63.5     296.36       7.44   -27.43          7.95        0.54
ma120<=-0.30   过滤+单笔×2      F  9.74  -26.25      54.0     407.85       9.02   -26.72          7.70        1.32
vol250>=0.50        过滤      B  8.28  -22.11      64.0     139.76       7.90   -19.40          9.99        0.96
vol250>=0.50 过滤+单笔×1.5      B  8.38  -25.07      53.0     141.14       7.97   -21.62         10.52        1.78
vol250>=0.50   过滤+单笔×2      B  8.91  -27.88      48.0     148.62       8.62   -28.67         10.95        1.90
vol250>=0.50        过滤      A  4.95  -10.70      20.0      97.58       4.80   -10.61          5.22        0.15
vol250>=0.50 过滤+单笔×1.5      A  6.39  -16.10      20.0     111.92       6.18   -16.13          6.63        0.35
vol250>=0.50   过滤+单笔×2      A  6.99  -17.17      17.0     118.47       6.77   -17.86          7.15        0.45
vol250>=0.50        过滤      F  6.65  -23.08      84.0     226.59       6.39   -20.04          7.28        0.57
vol250>=0.50 过滤+单笔×1.5      F  7.49  -25.46      73.0     266.40       7.13   -21.86          8.50        0.97
vol250>=0.50   过滤+单笔×2      F  7.96  -27.88      65.0     291.34       7.74   -28.67          9.10        0.71
