
===== 标签 nodip0：样本外表现
                 tag   n   auc  auc_strat_month  auc_no2402  auc_A  auc_B  base_rate  top20_rate  rest_rate  top20_tp  rest_tp  top20_ret  rest_ret  top20_held  rest_held  top20_share_2402  top20_within_month_rate  rest_within_month_rate
 nodip0|择时|gkf|logit 660 0.497            0.423       0.543  0.256  0.498      0.156       0.182      0.150     0.924    0.826     39.130    31.463       172.0      152.0             0.917                    0.127                   0.215
   nodip0|择时|gkf|gbm 660 0.578            0.531       0.662  0.516  0.556      0.156       0.164      0.154     0.856    0.842     32.864    33.034       192.0      153.0             0.171                    0.148                   0.200
nodip0|择时|loco|logit 660 0.482            0.428       0.516  0.280  0.475      0.156       0.136      0.161     0.833    0.848     34.466    32.629       158.5      155.0             0.629                    0.159                   0.202
  nodip0|择时|loco|gbm 660 0.416            0.529       0.525  0.602  0.452      0.156       0.121      0.165     0.803    0.856     30.884    33.525       198.0      152.0             0.144                    0.154                   0.197
 nodip0|择时|A2B|logit 533 0.337            0.469       0.324    NaN  0.337      0.184       0.065      0.214     0.785    0.845     31.184    32.900       177.0      152.0             0.196                    0.161                   0.238
   nodip0|择时|A2B|gbm 533 0.487            0.421       0.575    NaN  0.487      0.184       0.150      0.192     0.832    0.833     32.166    32.654       170.0      152.0             0.551                    0.151                   0.234
 nodip0|择时|B2A|logit 127 0.500            0.778       0.500  0.500    NaN      0.039       0.020      0.052     0.960    0.857     39.869    31.584       303.0      191.0             0.000                    0.000                   0.040
   nodip0|择时|B2A|gbm 127 0.834            0.889       0.834  0.834    NaN      0.039       0.154      0.010     0.923    0.891     36.350    34.458        88.0      271.0             0.000                    0.200                   0.000
 nodip0|个股|gkf|logit 660 0.687            0.596       0.632  0.551  0.679      0.156       0.280      0.125     0.924    0.826     39.888    31.274       151.0      169.5             0.856                    0.234                   0.179
   nodip0|个股|gkf|gbm 660 0.669            0.626       0.625  0.562  0.670      0.156       0.280      0.125     0.917    0.828     39.124    31.465        93.5      173.5             0.606                    0.234                   0.179
nodip0|个股|loco|logit 660 0.675            0.595       0.602  0.448  0.668      0.156       0.303      0.119     0.932    0.824     40.648    31.084       151.0      171.5             0.864                    0.243                   0.176
  nodip0|个股|loco|gbm 660 0.668            0.628       0.655  0.666  0.667      0.156       0.280      0.125     0.879    0.837     36.022    32.240       113.5      172.5             0.561                    0.243                   0.176
 nodip0|个股|A2B|logit 533 0.483            0.426       0.607    NaN  0.483      0.184       0.168      0.188     0.720    0.862     22.188    35.160       124.0      153.5             0.523                    0.200                   0.222
   nodip0|个股|A2B|gbm 533 0.602            0.519       0.613    NaN  0.602      0.184       0.243      0.169     0.860    0.826     33.875    32.224       102.0      158.5             0.542                    0.267                   0.205
 nodip0|个股|B2A|logit 127 0.680            0.472       0.680  0.680    NaN      0.039       0.077      0.030     0.846    0.911     29.666    36.179        96.5      272.0             0.000                    0.059                   0.018
   nodip0|个股|B2A|gbm 127 0.718            0.750       0.718  0.718    NaN      0.039       0.077      0.030     0.923    0.891     36.364    34.455        81.5      272.0             0.000                    0.059                   0.018
 nodip0|合并|gkf|logit 660 0.563            0.521       0.568  0.364  0.577      0.156       0.227      0.138     0.932    0.824     39.703    31.320       152.0      166.0             0.659                    0.178                   0.194
   nodip0|合并|gkf|gbm 660 0.605            0.585       0.612  0.439  0.621      0.156       0.197      0.146     0.886    0.835     35.741    32.310       114.5      169.5             0.447                    0.206                   0.186
nodip0|合并|loco|logit 660 0.516            0.521       0.509  0.316  0.527      0.156       0.159      0.155     0.818    0.852     33.525    32.864       152.0      166.0             0.508                    0.178                   0.194
  nodip0|合并|loco|gbm 660 0.570            0.584       0.639  0.674  0.580      0.156       0.174      0.152     0.856    0.843     32.760    33.056       127.0      168.0             0.273                    0.224                   0.181
 nodip0|合并|A2B|logit 533 0.358            0.442       0.442    NaN  0.358      0.184       0.121      0.200     0.710    0.864     21.860    35.242       111.0      153.0             0.308                    0.200                   0.222
   nodip0|合并|A2B|gbm 533 0.607            0.494       0.792    NaN  0.607      0.184       0.206      0.178     0.776    0.847     25.883    34.232       134.0      152.0             0.215                    0.267                   0.205
 nodip0|合并|B2A|logit 127 0.589            0.694       0.589  0.589    NaN      0.039       0.038      0.040     0.769    0.931     23.065    37.878       133.5      272.0             0.000                    0.059                   0.018
   nodip0|合并|B2A|gbm 127 0.741            0.778       0.741  0.741    NaN      0.039       0.115      0.020     0.962    0.881     39.562    33.632        87.0      271.0             0.000                    0.059                   0.018

===== 标签 nodip3：样本外表现
                 tag   n   auc  auc_strat_month  auc_no2402  auc_A  auc_B  base_rate  top20_rate  rest_rate  top20_tp  rest_tp  top20_ret  rest_ret  top20_held  rest_held  top20_share_2402  top20_within_month_rate  rest_within_month_rate
 nodip3|择时|gkf|logit 660 0.492            0.452       0.318  0.190  0.483      0.255       0.273      0.250     0.924    0.826     39.205    31.444       173.0      152.0             0.932                    0.209                   0.314
   nodip3|择时|gkf|gbm 660 0.538            0.451       0.528  0.282  0.554      0.255       0.292      0.241     0.888    0.830     36.127    31.841       165.0      153.5             0.466                    0.220                   0.317
nodip3|择时|loco|logit 660 0.510            0.454       0.400  0.239  0.497      0.255       0.258      0.254     0.886    0.835     37.130    31.963       168.5      152.5             0.902                    0.262                   0.297
  nodip3|择时|loco|gbm 660 0.512            0.450       0.524  0.295  0.540      0.255       0.295      0.244     0.848    0.845     34.099    32.721       197.5      152.5             0.159                    0.254                   0.303
 nodip3|择时|A2B|logit 533 0.443            0.488       0.440    NaN  0.443      0.289       0.280      0.291     0.869    0.824     36.580    31.545       168.0      152.0             0.776                    0.287                   0.328
   nodip3|择时|A2B|gbm 533 0.583            0.460       0.693    NaN  0.583      0.289       0.288      0.289     0.924    0.803     39.050    30.418       173.0      151.0             0.902                    0.295                   0.325
 nodip3|择时|B2A|logit 127 0.429            0.340       0.429  0.429    NaN      0.110       0.152      0.096     0.939    0.883     37.692    33.846       126.0      250.5             0.000                    0.080                   0.149
   nodip3|择时|B2A|gbm 127 0.476            0.406       0.476  0.476    NaN      0.110       0.115      0.109     0.923    0.891     36.101    34.522       242.0      232.0             0.000                    0.080                   0.149
 nodip3|个股|gkf|logit 660 0.593            0.582       0.532  0.434  0.580      0.255       0.417      0.214     0.977    0.812     44.579    30.101       151.0      173.0             1.000                    0.271                   0.295
   nodip3|个股|gkf|gbm 660 0.551            0.529       0.537  0.423  0.550      0.255       0.265      0.252     0.879    0.837     36.015    32.242       152.0      166.5             0.652                    0.290                   0.290
nodip3|个股|loco|logit 660 0.577            0.580       0.485  0.259  0.573      0.255       0.417      0.214     0.977    0.812     44.579    30.101       151.0      173.0             1.000                    0.299                   0.287
  nodip3|个股|loco|gbm 660 0.554            0.527       0.545  0.481  0.548      0.255       0.303      0.242     0.848    0.845     34.494    32.622       152.0      168.5             0.614                    0.318                   0.282
 nodip3|个股|A2B|logit 533 0.514            0.465       0.518    NaN  0.514      0.289       0.280      0.291     0.860    0.826     34.332    32.110       152.0      152.0             0.813                    0.278                   0.327
   nodip3|个股|A2B|gbm 533 0.502            0.450       0.524    NaN  0.502      0.289       0.327      0.279     0.907    0.815     38.111    31.161       133.0      153.5             0.645                    0.311                   0.319
 nodip3|个股|B2A|logit 127 0.473            0.406       0.473  0.473    NaN      0.110       0.115      0.109     0.808    0.921     26.627    36.961       119.5      271.0             0.000                    0.118                   0.127
   nodip3|个股|B2A|gbm 127 0.549            0.679       0.549  0.549    NaN      0.110       0.115      0.109     0.885    0.901     32.915    35.343       110.5      261.0             0.000                    0.176                   0.109
 nodip3|合并|gkf|logit 660 0.531            0.511       0.387  0.229  0.525      0.255       0.295      0.244     0.939    0.822     40.740    31.061       153.0      164.0             1.000                    0.299                   0.287
   nodip3|合并|gkf|gbm 660 0.520            0.529       0.477  0.426  0.533      0.255       0.235      0.259     0.871    0.839     35.776    32.302       152.5      165.5             0.576                    0.299                   0.287
nodip3|合并|loco|logit 660 0.525            0.510       0.402  0.193  0.523      0.255       0.288      0.246     0.894    0.833     38.168    31.704       152.0      166.5             0.879                    0.308                   0.285
  nodip3|合并|loco|gbm 660 0.504            0.524       0.447  0.356  0.522      0.255       0.227      0.261     0.864    0.841     35.328    32.414       153.0      161.0             0.492                    0.271                   0.295
 nodip3|合并|A2B|logit 533 0.478            0.446       0.474    NaN  0.478      0.289       0.262      0.296     0.888    0.819     37.133    31.406       168.0      152.0             0.785                    0.300                   0.322
   nodip3|合并|A2B|gbm 533 0.566            0.462       0.609    NaN  0.566      0.289       0.336      0.277     0.944    0.805     41.582    30.289       152.0      152.0             0.944                    0.311                   0.319
 nodip3|合并|B2A|logit 127 0.430            0.292       0.430  0.430    NaN      0.110       0.154      0.099     0.923    0.891     35.970    34.556       138.0      253.0             0.000                    0.059                   0.145
   nodip3|合并|B2A|gbm 127 0.475            0.623       0.475  0.475    NaN      0.110       0.038      0.129     0.846    0.911     29.645    36.184       138.0      253.0             0.000                    0.176                   0.109

===== 全样本 logit 系数（标准化后），nodip0
负向前 15：
prior_signals_same_stock   -0.319
sm_days_since_low60        -0.315
dd250                      -0.273
log_price                  -0.187
rel5                       -0.186
sm_days_since_low250       -0.182
hs_ret1                    -0.182
ma60_slope20               -0.179
days_since_cluster_start   -0.177
dd500                      -0.166
ma10                       -0.163
hs_bounce20                -0.157
ret60                      -0.154
board_kcb                  -0.148
clv                        -0.141
正向前 15：
hs_ma60                          0.126
vol250                           0.127
ret250                           0.140
n_signals_30d                    0.145
vol10                            0.156
sm_ret1                          0.159
board_cyb                        0.169
bounce250                        0.175
sm_bounce60                      0.177
stock_ret_since_cluster_start    0.189
sm_bounce20                      0.193
sm_bounce250                     0.208
sm_ret_since_cluster_start       0.229
sh_dd250                         0.258
is_st                            0.337
