
===== nodip0 | 在 B 上选 lift 最大的规则（每特征一条），到 A 上的表现（基准率 训练 0.184 / 测试 0.039）
     feature dir    thr  n_tr  cov_tr  rate_tr  lift_tr  n_te  cov_te  rate_te  lift_te  tp_te  tp_te_rest  ret_te  ret_te_rest
       ma120  <= -0.295   160   0.300    0.356    0.172    24   0.189    0.125    0.086  0.917       0.893  35.843       34.613
ma60_slope20  <= -0.340    54   0.101    0.333    0.149    18   0.142    0.167    0.127  0.944       0.890  37.599       34.391
        ma20  <= -0.057   213   0.400    0.324    0.140    15   0.118    0.067    0.027  0.800       0.911  26.854       35.916
       vol20  >=  0.723   213   0.400    0.310    0.126    16   0.126    0.188    0.148  0.938       0.892  36.884       34.552
        ma10  <=  0.014   107   0.201    0.308    0.125    18   0.142    0.056    0.016  0.889       0.899  33.408       35.083
        rel5  <= -0.025   107   0.201    0.308    0.125    16   0.126    0.125    0.086  0.938       0.892  38.749       34.283
        dd60  <= -0.362   213   0.400    0.300    0.117    16   0.126    0.125    0.086  0.938       0.892  36.780       34.567
       rel20  <= -0.131   160   0.300    0.300    0.116    20   0.157    0.100    0.061  0.800       0.916  27.209       36.273
      vol250  >=  0.574    54   0.101    0.296    0.112    17   0.134    0.176    0.137  0.941       0.891  37.614       34.418
       ret60  <= -0.290   267   0.501    0.296    0.112    20   0.157    0.100    0.061  0.850       0.907  30.103       35.732
    sm_ret60  <= -0.215   163   0.306    0.294    0.111    16   0.126    0.125    0.086  0.938       0.892  37.611       34.447
     hs_ret5  >=  0.066   183   0.343    0.290    0.106    48   0.378    0.000   -0.039  0.938       0.873  38.310       32.741

===== nodip0 | 在 A 上选 lift 最大的规则（每特征一条），到 B 上的表现（基准率 训练 0.039 / 测试 0.184）
     feature dir    thr  n_tr  cov_tr  rate_tr  lift_tr  n_te  cov_te  rate_te  lift_te  tp_te  tp_te_rest  ret_te  ret_te_rest
 sm_bounce60  >=  0.097    15   0.118    0.200    0.161   323   0.606    0.251    0.067  0.901       0.729  38.215       23.852
       dd250  <= -0.550    26   0.205    0.154    0.114   140   0.263    0.257    0.073  0.821       0.837  31.331       32.992
        ma10  >=  0.046    26   0.205    0.154    0.114   181   0.340    0.133   -0.051  0.801       0.849  29.535       34.109
     sm_ret5  >=  0.092    15   0.118    0.133    0.094   177   0.332    0.299    0.116  0.910       0.795  39.221       29.242
    sm_ret10  <= -0.050    15   0.118    0.133    0.094   164   0.308    0.183   -0.001  0.890       0.808  37.176       30.503
sm_bounce250  <=  0.048    16   0.126    0.125    0.086    41   0.077    0.049   -0.135  0.829       0.833  30.032       32.766
       dd500  <= -0.647    26   0.205    0.115    0.076   130   0.244    0.185    0.001  0.823       0.836  31.655       32.846
       ma250  <= -0.355    26   0.205    0.115    0.076   155   0.291    0.239    0.055  0.865       0.820  35.152       31.491
      ret250  <= -0.496    26   0.205    0.115    0.076   114   0.214    0.202    0.018  0.833       0.833  32.368       32.607
      ret120  <= -0.413    26   0.205    0.115    0.076    87   0.163    0.241    0.058  0.874       0.825  35.375       32.006
       ret10  >=  0.018    26   0.205    0.115    0.076    90   0.169    0.089   -0.095  0.700       0.860  20.715       34.961
        ret1  >=  0.015    26   0.205    0.115    0.076   261   0.490    0.226    0.042  0.885       0.783  37.098       28.197

===== nodip0 | 在 2024-02 上选 lift 最大的规则（每特征一条），到 其它 上的表现（基准率 训练 0.265 / 测试 0.083）
  feature dir    thr  n_tr  cov_tr  rate_tr  lift_tr  n_te  cov_te  rate_te  lift_te  tp_te  tp_te_rest  ret_te  ret_te_rest
       oc  <=  0.007    27   0.102    0.407    0.142   113   0.285    0.044   -0.039  0.841       0.777  31.436       27.204
    rel60  <= -0.217    27   0.102    0.407    0.142    48   0.121    0.125    0.042  0.708       0.807  22.344       29.249
    ret20  <= -0.253   132   0.500    0.386    0.121    19   0.048    0.263    0.180  0.789       0.796  27.342       28.466
    ret60  <= -0.382    79   0.299    0.380    0.115    15   0.038    0.200    0.117  0.867       0.793  33.188       28.224
board_cyb  >=  1.000   108   0.409    0.380    0.114    66   0.167    0.152    0.068  0.803       0.794  29.465       28.201
     ma60  <= -0.250   132   0.500    0.379    0.114    18   0.045    0.111    0.028  0.722       0.799  20.059       28.810
   dd_all  <= -0.823    53   0.201    0.377    0.112    34   0.086    0.176    0.093  0.882       0.787  35.395       27.756
    rel20  <= -0.192    53   0.201    0.377    0.112    19   0.048    0.211    0.127  0.842       0.793  30.248       28.319
    ma120  <= -0.328    53   0.201    0.377    0.112    37   0.093    0.324    0.241  0.838       0.791  29.753       28.274
     dd20  <= -0.248   132   0.500    0.371    0.106    20   0.051    0.250    0.167  0.800       0.795  28.171       28.425
   vol250  >=  0.575    27   0.102    0.370    0.105    43   0.109    0.209    0.126  0.860       0.788  32.221       27.948
     ma20  <= -0.074   158   0.598    0.361    0.096    19   0.048    0.158    0.075  0.737       0.798  20.701       28.800

===== nodip0 | 在 其它 上选 lift 最大的规则（每特征一条），到 2024-02 上的表现（基准率 训练 0.083 / 测试 0.265）
      feature dir    thr  n_tr  cov_tr  rate_tr  lift_tr  n_te  cov_te  rate_te  lift_te  tp_te  tp_te_rest  ret_te  ret_te_rest
        ma120  <= -0.320    40   0.101    0.325    0.242    66   0.250    0.348    0.083  0.939       0.914  41.687       39.269
      n_prev5  >= 27.000    40   0.101    0.275    0.192   181   0.686    0.298    0.033  0.912       0.940  39.369       40.973
     sm_vol20  >=  0.443    82   0.207    0.256    0.173   264   1.000    0.265    0.000  0.920         NaN  39.873          NaN
 ma60_slope20  <= -0.309    80   0.202    0.250    0.167    37   0.140    0.243   -0.022  0.865       0.930  35.755       40.545
        ret60  <= -0.340    40   0.101    0.250    0.167   145   0.549    0.324    0.059  0.917       0.924  39.632       40.167
     n_prev10  >= 28.000    44   0.111    0.250    0.167   181   0.686    0.298    0.033  0.912       0.940  39.369       40.973
       ret120  <= -0.454    40   0.101    0.250    0.167    15   0.057    0.333    0.068  0.933       0.920  41.111       39.799
n_prev30_excl  >= 28.000    46   0.116    0.239    0.156   181   0.686    0.298    0.033  0.912       0.940  39.369       40.973
n_prev60_bars  >= 32.000    47   0.119    0.234    0.151   181   0.686    0.298    0.033  0.912       0.940  39.369       40.973
    maxdrop20  <= -0.100    40   0.101    0.225    0.142   160   0.606    0.325    0.060  0.925       0.913  40.856       38.362
        vol10  >=  0.786    40   0.101    0.225    0.142   233   0.883    0.292    0.027  0.927       0.871  40.517       35.032
       vol250  >=  0.500    80   0.202    0.225    0.142    77   0.292    0.273    0.008  0.857       0.947  35.331       41.744

===== nodip3 | 在 B 上选 lift 最大的规则（每特征一条），到 A 上的表现（基准率 训练 0.289 / 测试 0.110）
              feature dir    thr  n_tr  cov_tr  rate_tr  lift_tr  n_te  cov_te  rate_te  lift_te  tp_te  tp_te_rest  ret_te  ret_te_rest
            hs_ret250  <= -0.222    61   0.114    0.492    0.203    43   0.339    0.093   -0.017  0.977       0.857  41.745       31.314
sm_days_since_high250  <= 79.000    63   0.118    0.476    0.187    15   0.118    0.067   -0.044  0.867       0.902  32.703       35.133
             hs_ret60  <= -0.144    61   0.114    0.475    0.186    16   0.126    0.312    0.202  0.938       0.892  37.394       34.478
             hs_dd250  <= -0.266    59   0.111    0.441    0.152    60   0.472    0.083   -0.027  0.950       0.851  38.962       31.159
         ma60_slope20  <= -0.340    54   0.101    0.426    0.137    18   0.142    0.278    0.168  0.944       0.890  37.599       34.391
                ma120  <= -0.295   160   0.300    0.425    0.136    24   0.189    0.208    0.098  0.917       0.893  35.843       34.613
             sm_ma120  <= -0.182    62   0.116    0.419    0.130    21   0.165    0.238    0.128  0.952       0.887  38.603       34.101
                 ma20  <= -0.057   213   0.400    0.390    0.101    15   0.118    0.067   -0.044  0.800       0.911  26.854       35.916
                ret60  <= -0.290   267   0.501    0.390    0.101    20   0.157    0.100   -0.010  0.850       0.907  30.103       35.732
               ret120  <= -0.440    54   0.101    0.389    0.100    17   0.134    0.235    0.125  0.882       0.900  32.590       35.194
                 ma10  <=  0.014   107   0.201    0.383    0.094    18   0.142    0.056   -0.055  0.889       0.899  33.408       35.083
                 dd60  <= -0.362   213   0.400    0.376    0.087    16   0.126    0.188    0.077  0.938       0.892  36.780       34.567

===== nodip3 | 在 A 上选 lift 最大的规则（每特征一条），到 B 上的表现（基准率 训练 0.110 / 测试 0.289）
                   feature dir     thr  n_tr  cov_tr  rate_tr  lift_tr  n_te  cov_te  rate_te  lift_te  tp_te  tp_te_rest  ret_te  ret_te_rest
                   sm_ret5  >=   0.092    15   0.118    0.600    0.490   177   0.332    0.350    0.061  0.910       0.795  39.221       29.242
               sm_bounce60  >=   0.092    27   0.213    0.407    0.297   334   0.627    0.338    0.049  0.904       0.714  38.387       22.769
                   hs_ma20  >=   0.042    16   0.126    0.375    0.265    64   0.120    0.281   -0.008  0.828       0.834  31.795       32.660
               hs_bounce20  >=   0.077    28   0.220    0.357    0.247    78   0.146    0.256   -0.033  0.795       0.840  29.199       33.131
                      ret1  >=   0.015    26   0.205    0.346    0.236   261   0.490    0.337    0.048  0.885       0.783  37.098       28.197
     sm_days_since_high250  >= 245.800    26   0.205    0.346    0.236    78   0.146    0.244   -0.045  0.795       0.840  29.544       33.072
sm_ret_since_cluster_start  <=  -0.022    33   0.260    0.333    0.223   304   0.570    0.319    0.030  0.888       0.760  38.282       24.954
                   sh_ret1  >=   0.011    21   0.165    0.333    0.223   165   0.310    0.255   -0.034  0.848       0.826  33.574       32.099
                   sm_ret1  >=   0.018    34   0.268    0.324    0.213   192   0.360    0.292    0.003  0.854       0.821  34.390       31.523
                    sm_ma5  >=   0.035    29   0.228    0.310    0.200   235   0.441    0.340    0.051  0.940       0.748  41.363       25.610
                   hs_ret1  >=   0.011    29   0.228    0.310    0.200   145   0.272    0.248   -0.041  0.807       0.843  30.884       33.181
                  hs_ret60  >=  -0.024    27   0.213    0.296    0.186    93   0.174    0.226   -0.063  0.677       0.866  20.780       35.045

===== nodip3 | 在 2024-02 上选 lift 最大的规则（每特征一条），到 其它 上的表现（基准率 训练 0.326 / 测试 0.207）
  feature dir    thr  n_tr  cov_tr  rate_tr  lift_tr  n_te  cov_te  rate_te  lift_te  tp_te  tp_te_rest  ret_te  ret_te_rest
       oc  <=  0.007    27   0.102    0.556    0.230   113   0.285    0.097   -0.110  0.841       0.777  31.436       27.204
   dd_all  <= -0.823    53   0.201    0.434    0.108    34   0.086    0.324    0.116  0.882       0.787  35.395       27.756
    ret20  <= -0.253   132   0.500    0.432    0.106    19   0.048    0.316    0.109  0.789       0.796  27.342       28.466
     ma60  <= -0.250   132   0.500    0.424    0.098    18   0.045    0.111   -0.096  0.722       0.799  20.059       28.810
    ret60  <= -0.382    79   0.299    0.418    0.092    15   0.038    0.333    0.126  0.867       0.793  33.188       28.224
board_cyb  >=  1.000   108   0.409    0.417    0.091    66   0.167    0.303    0.096  0.803       0.794  29.465       28.201
     dd20  <= -0.248   132   0.500    0.409    0.083    20   0.051    0.350    0.143  0.800       0.795  28.171       28.425
     rel1  <= -0.010    27   0.102    0.407    0.082    72   0.182    0.167   -0.040  0.722       0.812  24.350       29.315
    rel60  <= -0.217    27   0.102    0.407    0.082    48   0.121    0.208    0.001  0.708       0.807  22.344       29.249
    ma120  <= -0.298   106   0.402    0.406    0.080    72   0.182    0.403    0.196  0.806       0.793  27.987       28.506
    rel20  <= -0.146   106   0.402    0.406    0.080    47   0.119    0.191   -0.016  0.745       0.802  24.493       28.940
up_days20  <=  5.000    42   0.159    0.405    0.079    17   0.043    0.118   -0.089  0.647       0.802  13.461       29.083

===== nodip3 | 在 其它 上选 lift 最大的规则（每特征一条），到 2024-02 上的表现（基准率 训练 0.207 / 测试 0.326）
      feature dir    thr  n_tr  cov_tr  rate_tr  lift_tr  n_te  cov_te  rate_te  lift_te  tp_te  tp_te_rest  ret_te  ret_te_rest
        ma120  <= -0.320    40   0.101    0.475    0.268    66   0.250    0.364    0.038  0.939       0.914  41.687       39.269
     sm_vol20  >=  0.443    82   0.207    0.463    0.256   264   1.000    0.326    0.000  0.920         NaN  39.873          NaN
      n_prev5  >= 27.000    40   0.101    0.450    0.243   181   0.686    0.348    0.022  0.912       0.940  39.369       40.973
      sm_dd20  <= -0.153    43   0.109    0.442    0.235    21   0.080    0.238   -0.088  0.857       0.926  35.780       40.227
     sm_ret20  <= -0.150    46   0.116    0.435    0.228    21   0.080    0.238   -0.088  0.857       0.926  35.780       40.227
  sm_bounce20  >=  0.092    82   0.207    0.427    0.220   260   0.985    0.327    0.001  0.927       0.500  40.366        7.847
      sm_ma60  <= -0.144    41   0.104    0.415    0.208    21   0.080    0.238   -0.088  0.857       0.926  35.780       40.227
     sm_ret10  <= -0.086    46   0.116    0.413    0.206    21   0.080    0.238   -0.088  0.857       0.926  35.780       40.227
 ma60_slope20  <= -0.309    80   0.202    0.412    0.205    37   0.140    0.270   -0.055  0.865       0.930  35.755       40.545
     n_prev10  >= 28.000    44   0.111    0.409    0.202   181   0.686    0.348    0.022  0.912       0.940  39.369       40.973
        ret60  <= -0.340    40   0.101    0.400    0.193   145   0.549    0.379    0.054  0.917       0.924  39.632       40.167
n_prev30_excl  >= 28.000    46   0.116    0.391    0.184   181   0.686    0.348    0.022  0.912       0.940  39.369       40.973

===== nodip0：在四个切分上训练 lift 都 > 0 的规则，按样本外最小 lift 排序（前 25）
                                   n_splits  min_lift_te  mean_lift_te  min_lift_tr
feature                  dir thr                                                   
up_days5                 <=  3.0          4        0.008         0.015        0.008
                             4.0          4        0.004         0.007        0.004
days_since_cluster_start <=  26.0         4        0.003         0.007        0.003
prior_signals_same_stock <=  0.0          4        0.001         0.007        0.001
streak_up                <=  3.0          4        0.001         0.013        0.001
days_since_low20         >=  3.0          4        0.001         0.002        0.001
days_since_low60         >=  3.0          4        0.001         0.002        0.001
days_since_low250        >=  3.0          4        0.000         0.002        0.000

===== 组合回测：规则当过滤器（80 种子中位；安慰剂 = 同月随机剔除同样数量，20 种子×10 次，B 当日）

-- 当日（期末/年化/回撤/成交笔数）
                                 A 2006-2016              B 2016-2026                       全期  placebo_cagr_B
rule                                                                                                          
个股: 60日波动率>=50%        111万/6.33%/-11.6%/n29    110万/5.90%/-28.1%/n62    205万/6.13%/-28.1%/n91            8.35
个股: 信号日涨幅>=3%             77万/2.57%/-2.4%/n4     86万/3.40%/-18.2%/n30    110万/3.00%/-17.8%/n34            5.62
个股: 创业板                 83万/3.28%/-10.5%/n12   169万/10.24%/-26.9%/n59    234万/6.83%/-26.9%/n71            9.37
个股: 距250日高点跌幅>=50%     125万/7.58%/-10.7%/n36   211万/12.55%/-32.6%/n90  443万/10.18%/-32.6%/n126           11.23
基线(不过滤)                131万/8.04%/-18.6%/n58  174万/10.51%/-26.8%/n125   383万/9.40%/-27.7%/n184             NaN
择时: 小盘指数5日涨幅>=6%       122万/7.30%/-15.8%/n32    159万/9.61%/-13.6%/n46    323万/8.50%/-16.1%/n78            9.05
择时: 小盘指数距20日低点反弹>=10%     80万/2.90%/-4.0%/n9    127万/7.30%/-15.7%/n33    169万/5.16%/-15.6%/n42            6.33
择时: 指数低点后第4-8天         122万/7.30%/-19.0%/n40   178万/10.76%/-29.5%/n79   358万/9.05%/-30.1%/n118           10.78

-- 实盘（期末/年化/回撤/成交笔数）
                                 A 2006-2016              B 2016-2026                      全期  placebo_cagr_B
rule                                                                                                         
个股: 60日波动率>=50%        110万/6.20%/-10.6%/n29    106万/5.49%/-28.1%/n61   195万/5.87%/-28.1%/n90            8.35
个股: 信号日涨幅>=3%             77万/2.51%/-2.3%/n4     79万/2.67%/-21.1%/n30   102万/2.59%/-21.1%/n34            5.62
个股: 创业板                 83万/3.26%/-10.6%/n12    151万/9.04%/-26.6%/n58   208万/6.22%/-26.6%/n70            9.37
个股: 距250日高点跌幅>=50%     121万/7.23%/-10.6%/n36   199万/11.94%/-32.2%/n89  406万/9.71%/-32.1%/n125           11.23
基线(不过滤)                125万/7.61%/-18.5%/n58  167万/10.11%/-26.1%/n125  343万/8.82%/-26.7%/n183             NaN
择时: 小盘指数5日涨幅>=6%       123万/7.43%/-16.2%/n33    150万/9.02%/-13.7%/n44   309万/8.27%/-16.5%/n78            9.05
择时: 小盘指数距20日低点反弹>=10%     79万/2.82%/-3.4%/n9    123万/7.00%/-18.1%/n33   164万/4.99%/-18.0%/n42            6.33
择时: 指数低点后第4-8天         120万/7.16%/-18.6%/n40   174万/10.51%/-29.4%/n79  341万/8.78%/-30.0%/n119           10.78
