
===== nodip0: 按月分层 AUC 偏离 0.5 最大的特征（AUC>0.5 表示该特征越大越不跌破）
 label                       feature  auc_all  auc_A  auc_B  auc_strat  n_months  auc_strat_no2402  auc_2402  auc_2205  med_pos  med_neg  p_strat
nodip0                          ma20    0.272  0.602  0.282      0.331         7             0.468     0.321     0.444   -0.087   -0.030    0.001
nodip0                          ma60    0.253  0.490  0.267      0.343         7             0.320     0.344     0.297   -0.251   -0.172    0.001
nodip0                          dd20    0.265  0.415  0.289      0.344         7             0.453     0.336     0.448   -0.252   -0.157    0.001
nodip0                         ret20    0.265  0.480  0.284      0.344         7             0.429     0.338     0.434   -0.260   -0.160    0.001
nodip0                         ret10    0.285  0.611  0.296      0.345         7             0.465     0.336     0.441   -0.131   -0.037    0.001
nodip0 stock_ret_since_cluster_start    0.350  0.548  0.357      0.345         7             0.538     0.330     0.508   -0.184   -0.046    0.001
nodip0                     maxdrop20    0.261  0.257  0.291      0.357         7             0.456     0.350     0.466   -0.102   -0.093    0.001
nodip0                         rel20    0.332  0.433  0.339      0.361         7             0.492     0.351     0.492   -0.131   -0.072    0.001
nodip0                         ret60    0.255  0.395  0.275      0.367         7             0.308     0.371     0.268   -0.347   -0.254    0.001
nodip0                         ma120    0.255  0.313  0.264      0.371         7             0.248     0.380     0.207   -0.304   -0.227    0.001
nodip0                         vol10    0.745  0.733  0.714      0.628         7             0.572     0.632     0.558    0.973    0.618    0.001
nodip0                         rel60    0.354  0.672  0.354      0.375         7             0.325     0.378     0.282   -0.157   -0.104    0.001
nodip0                   ma20_slope5    0.343  0.731  0.347      0.378         7             0.523     0.367     0.521   -0.084   -0.008    0.002
nodip0                         vol20    0.739  0.754  0.704      0.619         7             0.595     0.621     0.579    0.790    0.578    0.002
nodip0                     board_cyb    0.637  0.451  0.633      0.615         7             0.544     0.620     0.541    0.000    0.000    0.001
nodip0                          ma10    0.424  0.723  0.402      0.387         7             0.547     0.375     0.543    0.031    0.034    0.004
nodip0                         amp20    0.729  0.718  0.698      0.608         7             0.607     0.608     0.602    0.069    0.048    0.005
nodip0                        hs_ma5    0.502  0.652  0.524      0.413         7             0.416     0.413     0.399    0.013    0.013    0.012
nodip0                          dd60    0.278  0.372  0.298      0.413         7             0.368     0.417     0.370   -0.384   -0.306    0.018
nodip0                       sh_ret1    0.511  0.539  0.476      0.415         7             0.360     0.419     0.339    0.004    0.004    0.009
nodip0                       hs_ret3    0.488  0.731  0.516      0.415         7             0.488     0.410     0.462    0.020    0.021    0.016
nodip0                    n_same_day    0.707  0.379  0.695      0.585         7             0.614     0.582     0.677   62.000   11.000    0.015
nodip0                          ret3    0.683  0.661  0.651      0.578         7             0.583     0.578     0.579    0.139    0.076    0.041
nodip0                       sm_ret5    0.667  0.569  0.662      0.575         7             0.384     0.589     0.385    0.119    0.068    0.030
nodip0                        ret120    0.379  0.175  0.386      0.427         7             0.293     0.437     0.270   -0.335   -0.290    0.061
nodip0                     up_days20    0.384  0.580  0.386      0.427         7             0.494     0.422     0.469    7.000    8.000      NaN
nodip0                       sm_ret1    0.533  0.739  0.495      0.428         7             0.384     0.431     0.379    0.008    0.008      NaN
nodip0                     board_kcb    0.488  0.500  0.474      0.428         7             0.515     0.422     0.522    0.000    0.000      NaN
nodip0                       hs_ret1    0.509  0.579  0.487      0.428         7             0.346     0.434     0.329    0.002    0.002      NaN
nodip0                          rel5    0.414  0.370  0.408      0.429         7             0.511     0.423     0.521    0.009    0.020      NaN

===== nodip0: 全样本 AUC 最大的特征（含择时）
 label    feature  auc_all  auc_A  auc_B  auc_strat  n_months  auc_strat_no2402  auc_2402  auc_2205  med_pos  med_neg  p_strat
nodip0       ma60    0.253  0.490  0.267      0.343         7             0.320     0.344     0.297   -0.251   -0.172    0.001
nodip0      ret60    0.255  0.395  0.275      0.367         7             0.308     0.371     0.268   -0.347   -0.254    0.001
nodip0      ma120    0.255  0.313  0.264      0.371         7             0.248     0.380     0.207   -0.304   -0.227    0.001
nodip0      vol10    0.745  0.733  0.714      0.628         7             0.572     0.632     0.558    0.973    0.618    0.001
nodip0  maxdrop20    0.261  0.257  0.291      0.357         7             0.456     0.350     0.466   -0.102   -0.093    0.001
nodip0      vol20    0.739  0.754  0.704      0.619         7             0.595     0.621     0.579    0.790    0.578    0.002
nodip0       dd20    0.265  0.415  0.289      0.344         7             0.453     0.336     0.448   -0.252   -0.157    0.001
nodip0      ret20    0.265  0.480  0.284      0.344         7             0.429     0.338     0.434   -0.260   -0.160    0.001
nodip0      amp20    0.729  0.718  0.698      0.608         7             0.607     0.608     0.602    0.069    0.048    0.005
nodip0       ma20    0.272  0.602  0.282      0.331         7             0.468     0.321     0.444   -0.087   -0.030    0.001
nodip0       dd60    0.278  0.372  0.298      0.413         7             0.368     0.417     0.370   -0.384   -0.306    0.018
nodip0   bounce20    0.718  0.846  0.672      0.546         7             0.563     0.544     0.569    0.195    0.124      NaN
nodip0   bounce60    0.717  0.846  0.671      0.546         7             0.563     0.544     0.569    0.195    0.124      NaN
nodip0      ret10    0.285  0.611  0.296      0.345         7             0.465     0.336     0.441   -0.131   -0.037    0.001
nodip0 n_same_day    0.707  0.379  0.695      0.585         7             0.614     0.582     0.677   62.000   11.000    0.015

===== nodip3: 按月分层 AUC 偏离 0.5 最大的特征（AUC>0.5 表示该特征越大越不跌破）
 label                       feature  auc_all  auc_A  auc_B  auc_strat  n_months  auc_strat_no2402  auc_2402  auc_2205  med_pos  med_neg  p_strat
nodip3                         ret10    0.363  0.393  0.384      0.383         9             0.425     0.379     0.420   -0.085   -0.036    0.001
nodip3                          ma20    0.379  0.566  0.388      0.383         9             0.455     0.377     0.441   -0.056   -0.031    0.001
nodip3                         ret60    0.353  0.445  0.368      0.389         9             0.358     0.392     0.327   -0.324   -0.255    0.003
nodip3                          ma60    0.375  0.575  0.383      0.389         9             0.394     0.389     0.373   -0.222   -0.173    0.001
nodip3                         ret20    0.389  0.579  0.401      0.390         9             0.504     0.379     0.486   -0.209   -0.161    0.002
nodip3                          dd20    0.383  0.537  0.401      0.393         9             0.489     0.384     0.481   -0.209   -0.159    0.002
nodip3 stock_ret_since_cluster_start    0.435  0.366  0.448      0.394         9             0.449     0.389     0.424   -0.122   -0.046    0.002
nodip3                         vol10    0.643  0.585  0.615      0.605         9             0.543     0.611     0.511    0.857    0.619    0.003
nodip3                         ma120    0.340  0.436  0.344      0.396         9             0.289     0.406     0.222   -0.286   -0.226    0.002
nodip3                         rel60    0.416  0.606  0.412      0.400         9             0.386     0.402     0.333   -0.133   -0.104    0.006
nodip3                     maxdrop20    0.368  0.446  0.393      0.403         9             0.440     0.400     0.467   -0.100   -0.094    0.005
nodip3                   ma20_slope5    0.396  0.599  0.401      0.407         9             0.465     0.401     0.441   -0.041   -0.005    0.005
nodip3                          ret3    0.606  0.552  0.581      0.591         9             0.563     0.594     0.536    0.102    0.077    0.014
nodip3                         rel20    0.447  0.541  0.449      0.410         9             0.571     0.394     0.562   -0.101   -0.076    0.007
nodip3                         vol20    0.629  0.547  0.600      0.590         9             0.522     0.596     0.478    0.702    0.587    0.008
nodip3                     board_cyb    0.583  0.447  0.583      0.580         9             0.534     0.585     0.547    0.000    0.000    0.010
nodip3                           gap    0.547  0.509  0.536      0.577         9             0.534     0.581     0.541   -0.001   -0.003    0.029
nodip3                        ret120    0.410  0.338  0.413      0.424         9             0.302     0.436     0.227   -0.329   -0.288    0.038
nodip3                     up_days20    0.433  0.595  0.427      0.424         9             0.454     0.422     0.375    7.000    8.000    0.028
nodip3                          ma10    0.458  0.698  0.429      0.428         9             0.471     0.424     0.405    0.033    0.034    0.050
nodip3             days_since_high60    0.554  0.646  0.531      0.572         9             0.556     0.573     0.578   56.000   53.000    0.029
nodip3                         amp20    0.622  0.528  0.599      0.566         9             0.551     0.567     0.526    0.062    0.049    0.073
nodip3                    n_same_day    0.610  0.458  0.596      0.564         9             0.557     0.565     0.589   16.500   11.000    0.053
nodip3                         ma250    0.403  0.434  0.408      0.438         9             0.316     0.449     0.245   -0.321   -0.287    0.070
nodip3                       sh_ret1    0.516  0.712  0.466      0.442         9             0.421     0.444     0.375    0.004    0.004    0.093
nodip3                       hs_ret3    0.487  0.718  0.494      0.444         9             0.504     0.438     0.489    0.020    0.021      NaN
nodip3                       maxup20    0.625  0.594  0.593      0.556         9             0.565     0.555     0.550    0.091    0.065      NaN
nodip3                        hs_ma5    0.488  0.785  0.476      0.445         9             0.477     0.442     0.438    0.013    0.013      NaN
nodip3                       sm_ret5    0.604  0.765  0.586      0.554         9             0.473     0.562     0.478    0.082    0.071      NaN
nodip3                      bounce20    0.624  0.629  0.585      0.553         9             0.490     0.559     0.438    0.161    0.124      NaN

===== nodip3: 全样本 AUC 最大的特征（含择时）
 label     feature  auc_all  auc_A  auc_B  auc_strat  n_months  auc_strat_no2402  auc_2402  auc_2205  med_pos  med_neg  p_strat
nodip3       ma120    0.340  0.436  0.344      0.396         9             0.289     0.406     0.222   -0.286   -0.226    0.002
nodip3       ret60    0.353  0.445  0.368      0.389         9             0.358     0.392     0.327   -0.324   -0.255    0.003
nodip3       vol10    0.643  0.585  0.615      0.605         9             0.543     0.611     0.511    0.857    0.619    0.003
nodip3       ret10    0.363  0.393  0.384      0.383         9             0.425     0.379     0.420   -0.085   -0.036    0.001
nodip3   maxdrop20    0.368  0.446  0.393      0.403         9             0.440     0.400     0.467   -0.100   -0.094    0.005
nodip3       vol20    0.629  0.547  0.600      0.590         9             0.522     0.596     0.478    0.702    0.587    0.008
nodip3        ma60    0.375  0.575  0.383      0.389         9             0.394     0.389     0.373   -0.222   -0.173    0.001
nodip3     maxup20    0.625  0.594  0.593      0.556         9             0.565     0.555     0.550    0.091    0.065      NaN
nodip3     sm_dd20    0.375  0.549  0.393      0.501         9             0.394     0.511     0.408   -0.128   -0.088      NaN
nodip3    bounce20    0.624  0.629  0.585      0.553         9             0.490     0.559     0.438    0.161    0.124      NaN
nodip3    bounce60    0.623  0.629  0.584      0.553         9             0.490     0.559     0.438    0.161    0.125      NaN
nodip3       amp20    0.622  0.528  0.599      0.566         9             0.551     0.567     0.526    0.062    0.049    0.073
nodip3        ma20    0.379  0.566  0.388      0.383         9             0.455     0.377     0.441   -0.056   -0.031    0.001
nodip3    sm_ret20    0.379  0.575  0.387      0.501         9             0.396     0.511     0.400   -0.132   -0.089      NaN
nodip3 sm_bounce20    0.618  0.788  0.578      0.501         9             0.394     0.511     0.408    0.138    0.087      NaN
